0 0 1.19751 6.1444 -7.75196 0.177947
0 0.1 1.18698 6.35088 -7.14646 0.119633
0 0.2 1.17564 6.63424 -6.91324 0.087913
0 0.3 1.1649 6.87545 -6.49927 0.0949243
0 0.4 1.15428 7.11317 -6.08694 0.101935
0 0.5 1.14379 7.34725 -5.67695 0.108946
0 0.6 1.13341 7.57753 -5.26993 0.115957
0 0.7 1.12315 7.80388 -4.8665 0.122968
0 0.8 1.113 8.02615 -4.46723 0.129978
0 0.9 1.10185 8.17449 -4.13697 0.129097
0 1 1.09028 8.28819 -3.84001 0.124631
0 1.1 1.07883 8.39838 -3.54637 0.120165
0 1.2 1.0675 8.50514 -3.25619 0.115699
0 1.3 1.05629 8.60855 -2.96961 0.111234
0 1.4 1.04518 8.70872 -2.68677 0.10677
0 1.5 1.03419 8.80573 -2.4078 0.102306
0 1.6 1.02347 8.94565 -2.28969 0.103424
0 1.7 1.01297 9.11546 -2.2845 0.10835
0 1.8 1.00257 9.28146 -2.27747 0.113276
0 1.9 0.992287 9.44366 -2.26867 0.118201
0 2 0.982103 9.60206 -2.25814 0.123127
0 2.1 0.972023 9.75668 -2.24595 0.128052
0 2.2 0.962045 9.90752 -2.23216 0.132977
0 2.3 0.952168 10.0546 -2.21682 0.137902
0 2.4 0.942387 10.1979 -2.20001 0.142828
0 2.5 0.932672 10.3375 -2.18177 0.147753
0 2.6 0.923054 10.4735 -2.16219 0.152678
0 2.7 0.913533 10.6057 -2.14132 0.157603
0 2.8 0.904108 10.7343 -2.11923 0.162528
0 2.9 0.894776 10.8592 -2.096 0.167452
0 3 0.885538 10.9806 -2.07169 0.172377
0 3.1 0.876391 11.0985 -2.04637 0.177302
0 3.2 0.867411 11.2405 -2.04577 0.182391
0 3.3 0.858604 11.4089 -2.06885 0.187943
0 3.4 0.849885 11.5721 -2.08947 0.193495
0 3.5 0.841254 11.7303 -2.10776 0.199046
0 3.6 0.83271 11.8833 -2.12384 0.204598
0 3.7 0.82425 12.0311 -2.13782 0.210149
0 3.8 0.815875 12.1738 -2.14983 0.2157
0 3.9 0.807584 12.3114 -2.15999 0.221251
0 4 0.799375 12.4438 -2.16845 0.226802
0 4.1 0.791248 12.5711 -2.17532 0.232353
0 4.2 0.783201 12.6933 -2.18075 0.237904
0 4.3 0.775234 12.8104 -2.18486 0.243454
0 4.4 0.767348 12.9222 -2.18916 0.249053
0 4.5 0.759579 13.0328 -2.2143 0.25476
0 4.6 0.751887 13.1384 -2.23935 0.260445
0 4.7 0.744269 13.2384 -2.26297 0.266129
0 4.8 0.736724 13.3327 -2.28529 0.271813
0 4.9 0.729251 13.4215 -2.30641 0.277498
0 5 0.721851 13.5048 -2.32648 0.283182
0 5.1 0.714556 13.5825 -2.34584 0.285071
0 5.2 0.70733 13.6549 -2.36439 0.286959
0 5.3 0.700174 13.7218 -2.38225 0.288848
0 5.4 0.693086 13.7835 -2.39954 0.290737
0 5.5 0.686066 13.8399 -2.4164 0.292625
0 5.6 0.679113 13.8912 -2.43293 0.294513
0 5.7 0.672226 13.9374 -2.44927 0.296402
0 5.8 0.665405 13.9786 -2.46555 0.29829
0 5.9 0.658535 14.0181 -2.48746 0.300052
0 6 0.651675 14.0554 -2.51187 0.301722
0 6.1 0.644883 14.0878 -2.53627 0.303393
0 6.2 0.638158 14.1153 -2.56077 0.305063
0 6.3 0.631499 14.138 -2.58543 0.306733
0 6.4 0.624905 14.156 -2.61036 0.308403
0 6.5 0.618377 14.1695 -2.63563 0.310073
0 6.6 0.611912 14.1786 -2.66132 0.311742
0 6.7 0.605512 14.1834 -2.68753 0.313412
0 6.8 0.599174 14.184 -2.71432 0.315082
0 6.9 0.592899 14.1806 -2.74178 0.316751
0 7 0.586686 14.1733 -2.76999 0.31842
0 7.1 0.580534 14.1622 -2.79903 0.32009
0 7.2 0.574443 14.1474 -2.82896 0.321759
0 7.3 0.568412 14.1292 -2.85987 0.323428
0 7.4 0.56244 14.1076 -2.89182 0.325097
0 7.5 0.556527 14.0829 -2.92487 0.326766
0 7.6 0.550528 14.0444 -2.94858 0.329203
0 7.7 0.544548 13.9978 -2.97149 0.331865
0 7.8 0.53863 13.9477 -2.99565 0.334528
0 7.9 0.532773 13.8943 -3.02113 0.33719
0 8 0.526976 13.8377 -3.04801 0.339852
0 8.1 0.521239 13.7782 -3.07635 0.342514
0 8.2 0.51556 13.716 -3.10621 0.345176
0 8.3 0.509941 13.6511 -3.13767 0.347838
0 8.4 0.50438 13.5839 -3.17079 0.350499
0 8.5 0.498876 13.5144 -3.20562 0.35316
0 8.6 0.493429 13.4428 -3.24223 0.355821
0 8.7 0.488039 13.3694 -3.28066 0.358482
0 8.8 0.482704 13.2943 -3.32098 0.361143
0 8.9 0.477426 13.2178 -3.36324 0.363804
0 9 0.472202 13.1399 -3.40747 0.366464
0 9.1 0.467033 13.061 -3.45373 0.369125
0 9.2 0.461917 12.9811 -3.50206 0.371785
0 9.3 0.456856 12.9005 -3.5525 0.374445
0 9.4 0.451847 12.8194 -3.60509 0.377105
0 9.5 0.446891 12.738 -3.65986 0.379764
0 9.6 0.441935 12.6539 -3.71567 0.381933
0 9.7 0.436797 12.5557 -3.76813 0.381696
0 9.8 0.431692 12.4564 -3.82282 0.381205
0 9.9 0.426645 12.3578 -3.88037 0.380714
0 10 0.421656 12.2602 -3.94081 0.380224
0 10.1 0.416681 12.1639 -4.00429 0.378011
0 10.2 0.411764 12.0689 -4.07071 0.375797
0 10.3 0.406905 11.9753 -4.14009 0.373584
0 10.4 0.402103 11.8834 -4.21245 0.371371
0 10.5 0.397358 11.7934 -4.28781 0.369158
0 10.6 0.39267 11.7054 -4.36619 0.366945
0 10.7 0.388036 11.6195 -4.44758 0.364732
0 10.8 0.383458 11.536 -4.53201 0.362519
0 10.9 0.378736 11.4466 -4.61838 0.359521
0 11 0.373953 11.3569 -4.70774 0.355815
0 11.1 0.369231 11.2717 -4.80026 0.352109
0 11.2 0.364568 11.1909 -4.89589 0.348404
0 11.3 0.359963 11.1146 -4.99461 0.344698
0 11.4 0.355416 11.043 -5.09637 0.340993
0 11.5 0.350926 10.9762 -5.20114 0.337287
0 11.6 0.346492 10.9142 -5.30887 0.333582
0 11.7 0.342115 10.8571 -5.41952 0.329877
0 11.8 0.337793 10.8049 -5.53306 0.326172
0 11.9 0.333525 10.7578 -5.64943 0.322467
0 12 0.329312 10.7158 -5.76859 0.318763
0 12.1 0.325152 10.679 -5.89049 0.315058
0 12.2 0.321045 10.6475 -6.01509 0.311354
0 12.3 0.31694 10.616 -6.13773 0.308296
0 12.4 0.312599 10.5569 -6.22922 0.308437
0 12.5 0.308238 10.4948 -6.31284 0.309311
0 12.6 0.303938 10.4395 -6.39933 0.310186
0 12.7 0.299697 10.3909 -6.48852 0.31106
0 12.8 0.295514 10.349 -6.58022 0.311934
0 12.9 0.291389 10.3135 -6.67427 0.312807
0 13 0.287321 10.2845 -6.77049 0.313681
0 13.1 0.283309 10.2618 -6.86871 0.314555
0 13.2 0.279353 10.2453 -6.96875 0.315428
0 13.3 0.275451 10.2349 -7.07044 0.316301
0 13.4 0.271603 10.2305 -7.17362 0.317174
0 13.5 0.267809 10.2319 -7.27813 0.318047
0 13.6 0.264067 10.239 -7.38379 0.318919
0 13.7 0.260377 10.2518 -7.49045 0.319792
0 13.8 0.256739 10.27 -7.59794 0.320664
0 13.9 0.253151 10.2936 -7.70611 0.321536
0 14 0.249613 10.3224 -7.8148 0.322408
0 14.1 0.246121 10.3549 -7.92374 0.32326
0 14.2 0.242488 10.2887 -8.02195 0.323514
0 14.3 0.238806 10.1748 -8.11248 0.324126
0 14.4 0.235179 10.0655 -8.20255 0.324738
0 14.5 0.231605 9.96049 -8.29176 0.32535
0 14.6 0.228085 9.85966 -8.37976 0.325962
0 14.7 0.224617 9.76277 -8.46619 0.326574
0 14.8 0.221201 9.66962 -8.55071 0.327186
0 14.9 0.217835 9.58 -8.63298 0.327797
0 15 0.21452 9.49372 -8.71268 0.328409
0 15.1 0.21127 9.4106 -8.78963 0.329451
0 15.2 0.208067 9.33043 -8.86341 0.330492
0 15.3 0.204912 9.25299 -8.93372 0.331534
0 15.4 0.201804 9.17809 -9.00028 0.332575
0 15.5 0.198743 9.10553 -9.06284 0.333617
0 15.6 0.195726 9.03512 -9.12114 0.334658
0 15.7 0.192755 8.96667 -9.17493 0.335699
0 15.8 0.189827 8.89998 -9.22398 0.33674
0 15.9 0.186944 8.83486 -9.26808 0.337781
0 16 0.184103 8.77112 -9.307 0.338821
0 16.1 0.181304 8.70859 -9.34055 0.339862
0 16.2 0.178547 8.64708 -9.36855 0.340902
0 16.3 0.175832 8.5864 -9.39081 0.341942
0 16.4 0.173156 8.52637 -9.40716 0.342982
0 16.5 0.170521 8.46683 -9.41746 0.344022
0 16.6 0.167911 8.39894 -9.42281 0.344955
0 16.7 0.16513 8.21468 -9.44999 0.344097
0 16.8 0.162349 8.00684 -9.47868 0.342805
0 16.9 0.159616 7.79885 -9.50088 0.341513
0 17 0.15693 7.59054 -9.51647 0.340221
0 17.1 0.15429 7.38176 -9.52532 0.33893
0 17.2 0.151695 7.17235 -9.52733 0.337638
0 17.3 0.149145 6.96215 -9.52239 0.336346
0 17.4 0.146639 6.75103 -9.51041 0.335054
0 17.5 0.144176 6.53883 -9.49134 0.333763
0 17.6 0.141756 6.32542 -9.46509 0.332471
0 17.7 0.139377 6.11064 -9.43162 0.331179
0 17.8 0.13704 5.89436 -9.39089 0.329887
0 17.9 0.134743 5.67646 -9.34286 0.328596
0 18 0.132486 5.45679 -9.28751 0.327304
0 18.1 0.130268 5.23524 -9.22482 0.326012
0 18.2 0.128089 5.01167 -9.15481 0.32472
0 18.3 0.125948 4.78596 -9.07746 0.323428
0 18.4 0.123843 4.55801 -8.9928 0.322137
0 18.5 0.121776 4.32769 -8.90085 0.320845
0 18.6 0.119745 4.0949 -8.80165 0.319553
0 18.7 0.117749 3.85952 -8.69524 0.318261
0 18.8 0.115743 3.61993 -8.64502 0.31697
0 18.9 0.113727 3.37962 -8.65899 0.315678
0 19 0.111749 3.13813 -8.6689 0.314386
0 19.1 0.109807 2.89542 -8.67475 0.313094
0 19.2 0.107902 2.65139 -8.67652 0.311802
0 19.3 0.106031 2.40601 -8.67423 0.31051
0 19.4 0.104196 2.15919 -8.66789 0.309218
0 19.5 0.102394 1.91088 -8.65751 0.307926
0 19.6 0.100626 1.66103 -8.6431 0.306634
0 19.7 0.098891 1.40957 -8.62468 0.305342
0 19.8 0.0971881 1.15645 -8.60229 0.30405
0 19.9 0.095517 0.901615 -8.57595 0.302758
0 20 0.0938771 0.645019 -8.54568 0.301466
0 20.1 0.092268 0.384162 -8.51001 0.301897
0 20.2 0.0906889 0.121478 -8.4706 0.302328
0 20.3 0.0891394 -0.143076 -8.42749 0.302758
0 20.4 0.0876189 -0.409538 -8.38074 0.303189
0 20.5 0.086127 -0.677947 -8.33038 0.30362
0 20.6 0.084663 -0.948338 -8.27648 0.30405
0 20.7 0.0832265 -1.22075 -8.21907 0.304481
0 20.8 0.0818169 -1.49521 -8.15821 0.304912
0 20.9 0.0804298 -1.69632 -8.18185 0.305343
0 21 0.0790666 -1.89621 -8.20482 0.305773
0 21.1 0.0777271 -2.09668 -8.2252 0.306204
0 21.2 0.0764108 -2.29774 -8.243 0.306635
0 21.3 0.0751173 -2.49941 -8.25823 0.307065
0 21.4 0.0738463 -2.70172 -8.27091 0.307496
0 21.5 0.0725974 -2.90468 -8.28105 0.307927
0 21.6 0.0713701 -3.10833 -8.28867 0.308357
0 21.7 0.0701642 -3.31267 -8.29379 0.308788
0 21.8 0.0689793 -3.51772 -8.29643 0.309219
0 21.9 0.0678149 -3.72351 -8.29661 0.309649
0 22 0.0666708 -3.93006 -8.29436 0.31008
0 22.1 0.0655466 -4.13737 -8.28968 0.310511
0 22.2 0.064442 -4.34546 -8.28262 0.310941
0 22.3 0.0633566 -4.55435 -8.2732 0.311372
0 22.4 0.0622901 -4.76406 -8.26144 0.311803
0 22.5 0.0612421 -4.9746 -8.24738 0.312233
0 22.6 0.0602124 -5.18598 -8.23104 0.312664
0 22.7 0.0592007 -5.39821 -8.21246 0.313095
0 22.8 0.0582066 -5.61132 -8.19166 0.313525
0 22.9 0.0572298 -5.8253 -8.16869 0.313956
0 23 0.05627 -6.04017 -8.14356 0.314387
0 23.1 0.0553269 -6.25595 -8.11632 0.314817
0 23.2 0.0544003 -6.47263 -8.087 0.315248
0 23.3 0.0534899 -6.69024 -8.05564 0.315679
0 23.4 0.0525953 -6.90878 -8.02228 0.31611
0 23.5 0.0517164 -7.12825 -7.98694 0.31654
0 23.6 0.0508528 -7.34868 -7.94968 0.316971
0 23.7 0.0500042 -7.57005 -7.91052 0.317402
0 23.8 0.0491705 -7.79238 -7.86951 0.317832
0 23.9 0.0483513 -8.01568 -7.82669 0.318263
0 24 0.0475464 -8.23995 -7.78209 0.318694
0 24.1 0.0467676 -8.37357 -7.75726 0.319124
0 24.2 0.0460064 -8.46272 -7.74327 0.319555
0 24.3 0.0452579 -8.55229 -7.72886 0.319986
0 24.4 0.0445218 -8.64227 -7.71404 0.320416
0 24.5 0.0437978 -8.73267 -7.69883 0.320847
0 24.6 0.0430859 -8.82351 -7.68324 0.321278
0 24.7 0.0423858 -8.91479 -7.66728 0.321708
0 24.8 0.0416973 -9.00652 -7.65095 0.322139
0 24.9 0.0410202 -9.09871 -7.63429 0.32257
0 25 0.0403543 -9.19137 -7.61728 0.323
0 25.1 0.0391099 -9.27106 -5.83812 0.324149
0 25.2 0.0384718 -9.3557 -5.85677 0.325297
0 25.3 0.0378442 -9.44038 -5.87493 0.326446
0 25.4 0.0372271 -9.52512 -5.8926 0.327594
0 25.5 0.0366202 -9.60994 -5.90978 0.328742
0 25.6 0.0360233 -9.69485 -5.92649 0.329891
0 25.7 0.0354364 -9.77986 -5.94272 0.331039
0 25.8 0.0348591 -9.86501 -5.95849 0.332188
0 25.9 0.0342914 -9.95029 -5.97381 0.333336
0 26 0.0337331 -10.0357 -5.98867 0.334485
0 26.1 0.033184 -10.1214 -6.00309 0.335633
0 26.2 0.0326439 -10.2072 -6.01707 0.336782
0 26.3 0.0321128 -10.2932 -6.03063 0.33793
0 26.4 0.0315905 -10.3794 -6.04376 0.339078
0 26.5 0.0310768 -10.4659 -6.05647 0.340227
0 26.6 0.0305716 -10.5526 -6.06877 0.341375
0 26.7 0.0300787 -10.6632 -6.07472 0.342524
0 26.8 0.0296104 -10.8489 -6.06173 0.343672
0 26.9 0.0291492 -11.0367 -6.04811 0.34482
0 27 0.028695 -11.2261 -6.0339 0.345968
0 27.1 0.0282475 -11.4169 -6.01914 0.347117
0 27.2 0.0278067 -11.6086 -6.00389 0.348265
0 27.3 0.0273725 -11.801 -5.98817 0.349413
0 27.4 0.0269448 -11.9936 -5.97203 0.350561
0 27.5 0.0265234 -12.1861 -5.95551 0.35171
0 27.6 0.0261084 -12.3782 -5.93866 0.352858
0 27.7 0.0256997 -12.5695 -5.92152 0.354006
0 27.8 0.0252971 -12.7596 -5.90413 0.355154
0 27.9 0.0249006 -12.9484 -5.88651 0.356302
0 28 0.0245102 -13.1355 -5.86873 0.357449
0 28.1 0.0241258 -13.3207 -5.8508 0.358597
0 28.2 0.0237473 -13.5036 -5.83276 0.359745
0 28.3 0.0233748 -13.6842 -5.81465 0.360892
0 28.4 0.0230081 -13.8622 -5.79649 0.36204
0 28.5 0.0226472 -14.0375 -5.77831 0.363187
0 28.6 0.0222921 -14.2099 -5.76014 0.364334
0 28.7 0.0219428 -14.3794 -5.742 0.365481
0 28.8 0.0215991 -14.5458 -5.7239 0.366628
0 28.9 0.021261 -14.7091 -5.70586 0.367774
0 29 0.0209285 -14.8694 -5.6879 0.368921
0 29.1 0.0206016 -15.0267 -5.67003 0.370067
0 29.2 0.0202801 -15.181 -5.65225 0.371213
0 29.3 0.0199641 -15.3323 -5.63458 0.372359
0 29.4 0.0196534 -15.481 -5.617 0.373505
0 29.5 0.019348 -15.627 -5.59952 0.374651
0 29.6 0.0190479 -15.7706 -5.58215 0.375797
0 29.7 0.0187529 -15.912 -5.56486 0.376942
0 29.8 0.0184631 -16.0514 -5.54765 0.378088
0 29.9 0.0181783 -16.1892 -5.53051 0.379233
0 30 0.0178984 -16.3255 -5.51342 0.380381
0 30.1 0.0176183 -16.45 -5.55503 0.381811
0 30.2 0.0173431 -16.5744 -5.59514 0.383241
0 30.3 0.0170727 -16.6992 -5.63375 0.384671
0 30.4 0.016807 -16.8244 -5.67085 0.386101
0 30.5 0.016546 -16.9506 -5.70643 0.38753
0 30.6 0.0162896 -17.0779 -5.74049 0.38896
0 30.7 0.0160378 -17.2066 -5.773 0.390389
0 30.8 0.0157903 -17.3371 -5.80395 0.391819
0 30.9 0.0155472 -17.4697 -5.83331 0.393248
0 31 0.0153083 -17.6047 -5.86104 0.394678
0 31.1 0.0150736 -17.7423 -5.88713 0.396107
0 31.2 0.014843 -17.8829 -5.91155 0.397537
0 31.3 0.0146163 -18.0267 -5.93425 0.398966
0 31.4 0.0143935 -18.1737 -5.95527 0.400396
0 31.5 0.0141745 -18.3218 -5.97488 0.401826
0 31.6 0.0139591 -18.4706 -5.99318 0.403255
0 31.7 0.0137472 -18.6201 -6.01019 0.404685
0 31.8 0.0135389 -18.7704 -6.02594 0.406115
0 31.9 0.013334 -18.9215 -6.04048 0.407544
0 32 0.0131325 -19.0734 -6.05382 0.408974
0 32.1 0.0129343 -19.2261 -6.06601 0.410403
0 32.2 0.0127394 -19.3796 -6.07707 0.411832
0 32.3 0.0125477 -19.5339 -6.08704 0.413262
0 32.4 0.0123592 -19.689 -6.09594 0.414691
0 32.5 0.0121737 -19.845 -6.1038 0.41612
0 32.6 0.0119913 -20.0019 -6.11065 0.417549
0 32.7 0.0118119 -20.1596 -6.11651 0.418978
0 32.8 0.0116354 -20.3181 -6.12142 0.420407
0 32.9 0.0114618 -20.4776 -6.12541 0.421836
0 33 0.011291 -20.6379 -6.12849 0.423264
0 33.1 0.0111229 -20.7991 -6.1307 0.424693
0 33.2 0.0109576 -20.9612 -6.13205 0.426122
0 33.3 0.010795 -21.1242 -6.13259 0.42755
0 33.4 0.010635 -21.2882 -6.13232 0.428979
0 33.5 0.0104776 -21.453 -6.13128 0.430407
0 33.6 0.0103228 -21.6188 -6.12948 0.431835
0 33.7 0.0101704 -21.7855 -6.12696 0.433264
0 33.8 0.0100205 -21.9531 -6.12373 0.434692
0 33.9 0.00987295 -22.1216 -6.11982 0.43612
0 34 0.0097278 -22.2912 -6.11525 0.437548
0 34.1 0.00958498 -22.4616 -6.11005 0.438976
0 34.2 0.00944443 -22.633 -6.10423 0.440404
0 34.3 0.00930613 -22.8054 -6.09782 0.441832
0 34.4 0.00917004 -22.9787 -6.09085 0.443259
0 34.5 0.00903611 -23.1529 -6.08332 0.444687
0 34.6 0.0089043 -23.3282 -6.07526 0.446115
0 34.7 0.00877459 -23.5044 -6.06669 0.447542
0 34.8 0.00864693 -23.6815 -6.05764 0.44897
0 34.9 0.0085213 -23.8597 -6.04812 0.450397
0 35 0.00839764 -24.0388 -6.03815 0.451822
0 35.1 0.00827592 -24.2075 -6.02588 0.453552
0 35.2 0.00815612 -24.3771 -6.01344 0.455281
0 35.3 0.00803821 -24.5475 -6.00084 0.457011
0 35.4 0.00792216 -24.7189 -5.98809 0.458741
0 35.5 0.00780794 -24.8911 -5.9752 0.460471
0 35.6 0.00769551 -25.0642 -5.96217 0.462201
0 35.7 0.00758485 -25.2382 -5.94902 0.463931
0 35.8 0.00747593 -25.4131 -5.93576 0.465661
0 35.9 0.0073687 -25.5888 -5.92239 0.467392
0 36 0.00726316 -25.7654 -5.90892 0.469122
0 36.1 0.00715926 -25.9429 -5.89535 0.470853
0 36.2 0.00705697 -26.1213 -5.88171 0.472584
0 36.3 0.00695628 -26.3005 -5.86798 0.474315
0 36.4 0.00685715 -26.4806 -5.85419 0.476046
0 36.5 0.00675956 -26.6615 -5.84033 0.477777
0 36.6 0.00666348 -26.8433 -5.82642 0.479508
0 36.7 0.00656889 -27.026 -5.81246 0.48124
0 36.8 0.00647575 -27.2095 -5.79847 0.482972
0 36.9 0.00638405 -27.3938 -5.78443 0.484703
0 37 0.00629376 -27.579 -5.77037 0.486435
0 37.1 0.00620486 -27.7651 -5.75629 0.488167
0 37.2 0.00611733 -27.9519 -5.7422 0.489899
0 37.3 0.00603113 -28.1397 -5.72809 0.491632
0 37.4 0.00594626 -28.3282 -5.71399 0.493364
0 37.5 0.00586268 -28.5176 -5.69989 0.495096
0 37.6 0.00578038 -28.7078 -5.6858 0.496829
0 37.7 0.00569933 -28.8988 -5.67172 0.498562
0 37.8 0.00561951 -29.0906 -5.65767 0.500295
0 37.9 0.0055409 -29.2832 -5.64364 0.502028
0 38 0.00546349 -29.4767 -5.62965 0.503761
0 38.1 0.00538725 -29.6709 -5.6157 0.505494
0 38.2 0.00531217 -29.8659 -5.60178 0.507228
0 38.3 0.00523822 -30.0618 -5.58792 0.508961
0 38.4 0.00516538 -30.2584 -5.57411 0.510695
0 38.5 0.00509364 -30.4557 -5.56036 0.512429
0 38.6 0.00502299 -30.6539 -5.54667 0.514163
0 38.7 0.00495339 -30.8528 -5.53305 0.515897
0 38.8 0.00488484 -31.0525 -5.5195 0.517631
0 38.9 0.00481731 -31.253 -5.50603 0.519366
0 39 0.00475079 -31.4542 -5.49265 0.5211
0 39.1 0.00468527 -31.6561 -5.47934 0.522835
0 39.2 0.00462073 -31.8588 -5.46613 0.52457
0 39.3 0.00455715 -32.0622 -5.45301 0.526305
0 39.4 0.00449451 -32.2664 -5.43999 0.52804
0 39.5 0.00443281 -32.4712 -5.42707 0.529775
0 39.6 0.00437202 -32.6768 -5.41426 0.531511
0 39.7 0.00431213 -32.8831 -5.40156 0.533246
0 39.8 0.00425313 -33.0901 -5.38897 0.534982
0 39.9 0.004195 -33.2978 -5.3765 0.536718
0 40 0.00413773 -33.5062 -5.36414 0.538463
0 40.1 0.00408244 -33.6899 -5.36681 0.540474
0 40.2 0.00402794 -33.8744 -5.36941 0.542485
0 40.3 0.0039742 -34.0599 -5.37197 0.544496
0 40.4 0.00392122 -34.2462 -5.37448 0.546508
0 40.5 0.00386899 -34.4335 -5.37696 0.548519
0 40.6 0.00381749 -34.6216 -5.37942 0.55053
0 40.7 0.00376671 -34.8107 -5.38188 0.552542
0 40.8 0.00371665 -35.0006 -5.38434 0.554553
0 40.9 0.00366729 -35.1913 -5.38682 0.556564
0 41 0.00361862 -35.383 -5.38932 0.558575
0 41.1 0.00357064 -35.5754 -5.39186 0.560587
0 41.2 0.00352332 -35.7687 -5.39444 0.562598
0 41.3 0.00347667 -35.9628 -5.39708 0.564609
0 41.4 0.00343066 -36.1578 -5.39978 0.566621
0 41.5 0.0033853 -36.3535 -5.40255 0.568632
0 41.6 0.00334057 -36.5501 -5.40541 0.570643
0 41.7 0.00329646 -36.7474 -5.40835 0.572654
0 41.8 0.00325296 -36.9455 -5.4114 0.574666
0 41.9 0.00321007 -37.1444 -5.41455 0.576677
0 42 0.00316778 -37.3441 -5.41782 0.578688
0 42.1 0.00312607 -37.5445 -5.42121 0.5807
0 42.2 0.00308494 -37.7456 -5.42472 0.582711
0 42.3 0.00304437 -37.9475 -5.42838 0.584722
0 42.4 0.00300437 -38.1502 -5.43218 0.586734
0 42.5 0.00296492 -38.3535 -5.43613 0.588745
0 42.6 0.00292602 -38.5576 -5.44024 0.590757
0 42.7 0.00288765 -38.7624 -5.44451 0.592768
0 42.8 0.00284981 -38.9678 -5.44896 0.594779
0 42.9 0.00281249 -39.174 -5.45358 0.596791
0 43 0.00277569 -39.3808 -5.45838 0.598802
0 43.1 0.00273939 -39.5883 -5.46337 0.600813
0 43.2 0.00270359 -39.7964 -5.46856 0.602825
0 43.3 0.00266828 -40.0052 -5.47395 0.604836
0 43.4 0.00263345 -40.2147 -5.47954 0.606847
0 43.5 0.0025991 -40.4247 -5.48534 0.608859
0 43.6 0.00256523 -40.6354 -5.49136 0.61087
0 43.7 0.00253181 -40.8467 -5.49759 0.612882
0 43.8 0.00249885 -41.0587 -5.50406 0.614893
0 43.9 0.00246634 -41.2712 -5.51075 0.616904
0 44 0.00243428 -41.4843 -5.51767 0.618916
0 44.1 0.00240265 -41.698 -5.52484 0.620927
0 44.2 0.00237145 -41.9122 -5.53224 0.622939
0 44.3 0.00234068 -42.127 -5.53989 0.62495
0 44.4 0.00231033 -42.3424 -5.54779 0.626962
0 44.5 0.00228039 -42.5583 -5.55595 0.628973
0 44.6 0.00225085 -42.7748 -5.56436 0.630984
0 44.7 0.00222172 -42.9918 -5.57303 0.632996
0 44.8 0.00219298 -43.2093 -5.58197 0.635007
0 44.9 0.00216463 -43.4273 -5.59117 0.637019
0 45 0.00213666 -43.6459 -5.60065 0.639069
0 45.1 0.00211047 -43.8354 -5.60035 0.642818
0 45.2 0.00208459 -44.0251 -5.60048 0.646566
0 45.3 0.00205903 -44.2149 -5.60104 0.650314
0 45.4 0.00203378 -44.4049 -5.60203 0.654063
0 45.5 0.00200884 -44.595 -5.60345 0.657811
0 45.6 0.0019842 -44.7853 -5.60529 0.66156
0 45.7 0.00195987 -44.9756 -5.60756 0.665309
0 45.8 0.00193582 -45.1661 -5.61026 0.669058
0 45.9 0.00191208 -45.3566 -5.61338 0.672806
0 46 0.00188862 -45.5473 -5.61692 0.676555
0 46.1 0.00186544 -45.7381 -5.62088 0.680304
0 46.2 0.00184255 -45.9289 -5.62526 0.684054
0 46.3 0.00181994 -46.1198 -5.63006 0.687803
0 46.4 0.0017976 -46.3108 -5.63527 0.691552
0 46.5 0.00177553 -46.5019 -5.6409 0.695302
0 46.6 0.00175374 -46.6931 -5.64694 0.699051
0 46.7 0.0017322 -46.8843 -5.6534 0.702801
0 46.8 0.00171094 -47.0755 -5.66026 0.70655
0 46.9 0.00168993 -47.2668 -5.66753 0.7103
0 47 0.00166917 -47.4582 -5.67521 0.71405
0 47.1 0.00164867 -47.6495 -5.68329 0.7178
0 47.2 0.00162842 -47.841 -5.69178 0.72155
0 47.3 0.00160842 -48.0324 -5.70066 0.7253
0 47.4 0.00158866 -48.2239 -5.70995 0.72905
0 47.5 0.00156914 -48.4154 -5.71963 0.7328
0 47.6 0.00154985 -48.6068 -5.72971 0.73655
0 47.7 0.00153081 -48.7983 -5.74018 0.740301
0 47.8 0.00151199 -48.9898 -5.75104 0.744051
0 47.9 0.00149341 -49.1813 -5.7623 0.747802
0 48 0.00147505 -49.3728 -5.77394 0.751552
0 48.1 0.00145692 -49.5643 -5.78596 0.755303
0 48.2 0.001439 -49.7558 -5.79838 0.759054
0 48.3 0.00142131 -49.9472 -5.81117 0.762805
0 48.4 0.00140383 -50.1386 -5.82434 0.766556
0 48.5 0.00138656 -50.33 -5.83789 0.770307
0 48.6 0.00136951 -50.5214 -5.85182 0.774058
0 48.7 0.00135266 -50.7127 -5.86612 0.777809
0 48.8 0.00133602 -50.904 -5.88079 0.781561
0 48.9 0.00131958 -51.0952 -5.89583 0.785312
0 49 0.00130335 -51.2864 -5.91124 0.789063
0 49.1 0.00128731 -51.4775 -5.92701 0.792815
0 49.2 0.00127147 -51.6686 -5.94315 0.796567
0 49.3 0.00125582 -51.8596 -5.95964 0.800318
0 49.4 0.00124036 -52.0505 -5.9765 0.80407
0 49.5 0.00122509 -52.2414 -5.99371 0.807822
0 49.6 0.00121 -52.4321 -6.01127 0.811574
0 49.7 0.00119511 -52.6229 -6.02919 0.815326
0 49.8 0.00118039 -52.8135 -6.04746 0.819078
0 49.9 0.00116585 -53.004 -6.06607 0.82283
0 50 0.00115149 -53.1945 -6.08503 0.826869
0 50.1 0.00113815 -53.3084 -6.1362 0.830711
0 50.2 0.00112496 -53.4225 -6.18742 0.834553
0 50.3 0.00111191 -53.5369 -6.23869 0.838396
0 50.4 0.001099 -53.6515 -6.29002 0.842238
0 50.5 0.00108623 -53.7664 -6.3414 0.84608
0 50.6 0.00107359 -53.8815 -6.39285 0.849922
0 50.7 0.0010611 -53.9967 -6.44437 0.853764
0 50.8 0.00104874 -54.1122 -6.49595 0.857606
0 50.9 0.00103651 -54.228 -6.54761 0.861448
0 51 0.00102442 -54.3439 -6.59935 0.86529
0 51.1 0.00101246 -54.46 -6.65117 0.869132
0 51.2 0.00100063 -54.5762 -6.70307 0.872974
0 51.3 0.000988928 -54.6927 -6.75506 0.876816
0 51.4 0.000977354 -54.8093 -6.80713 0.880657
0 51.5 0.000965906 -54.9261 -6.8593 0.884499
0 51.6 0.000954583 -55.0431 -6.91156 0.888341
0 51.7 0.000943384 -55.1602 -6.96391 0.892183
0 51.8 0.000932308 -55.2774 -7.01636 0.896024
0 51.9 0.000921353 -55.3948 -7.06891 0.899866
0 52 0.000910517 -55.5124 -7.12155 0.903707
0 52.1 0.000899801 -55.6301 -7.1743 0.907549
0 52.2 0.000889202 -55.7479 -7.22715 0.91139
0 52.3 0.00087872 -55.8658 -7.28011 0.915232
0 52.4 0.000868352 -55.9838 -7.33317 0.919073
0 52.5 0.000858099 -56.102 -7.38633 0.922914
0 52.6 0.000847959 -56.2202 -7.43961 0.926756
0 52.7 0.00083793 -56.3386 -7.49299 0.930597
0 52.8 0.000828012 -56.4571 -7.54648 0.934438
0 52.9 0.000818204 -56.5756 -7.60008 0.938279
0 53 0.000808504 -56.6942 -7.65379 0.942121
0 53.1 0.000798911 -56.813 -7.70762 0.945962
0 53.2 0.000789424 -56.9317 -7.76155 0.949803
0 53.3 0.000780042 -57.0506 -7.8156 0.953644
0 53.4 0.000770764 -57.1695 -7.86976 0.957485
0 53.5 0.000761589 -57.2885 -7.92403 0.961326
0 53.6 0.000752516 -57.4076 -7.97841 0.965167
0 53.7 0.000743544 -57.5267 -8.03291 0.969008
0 53.8 0.000734671 -57.6459 -8.08752 0.972848
0 53.9 0.000725898 -57.7651 -8.14224 0.976689
0 54 0.000717222 -57.8843 -8.19708 0.98053
0 54.1 0.000708642 -58.0036 -8.25203 0.984371
0 54.2 0.000700159 -58.1229 -8.30709 0.988211
0 54.3 0.00069177 -58.2423 -8.36227 0.992052
0 54.4 0.000683474 -58.3616 -8.41756 0.995893
0 54.5 0.000675272 -58.481 -8.47296 0.999733
0 54.6 0.000667162 -58.6004 -8.52847 1.00357
0 54.7 0.000659142 -58.7199 -8.58409 1.00741
0 54.8 0.000651212 -58.8393 -8.63983 1.01125
0 54.9 0.000643371 -58.9587 -8.69567 1.0151
0 55 0.000635619 -59.0782 -8.75163 1.01889
0 55.1 0.000628217 -59.1388 -8.77735 1.02164
0 55.2 0.000620892 -59.2002 -8.80223 1.0244
0 55.3 0.000613645 -59.2622 -8.82629 1.02715
0 55.4 0.000606474 -59.3248 -8.84955 1.0299
0 55.5 0.00059938 -59.3881 -8.87202 1.03266
0 55.6 0.000592359 -59.4521 -8.89372 1.03541
0 55.7 0.000585414 -59.5166 -8.91467 1.03816
0 55.8 0.000578542 -59.5818 -8.93487 1.04092
0 55.9 0.000571742 -59.6476 -8.95435 1.04367
0 56 0.000565015 -59.7139 -8.9731 1.04642
0 56.1 0.00055836 -59.7809 -8.99116 1.04918
0 56.2 0.000551775 -59.8484 -9.00852 1.05193
0 56.3 0.00054526 -59.9164 -9.0252 1.05468
0 56.4 0.000538815 -59.9851 -9.04122 1.05744
0 56.5 0.000532438 -60.0542 -9.05657 1.06019
0 56.6 0.00052613 -60.1239 -9.07128 1.06294
0 56.7 0.00051989 -60.1942 -9.08535 1.06569
0 56.8 0.000513716 -60.2649 -9.09879 1.06845
0 56.9 0.000507608 -60.3361 -9.11161 1.0712
0 57 0.000501566 -60.4079 -9.12383 1.07395
0 57.1 0.000495589 -60.4801 -9.13544 1.0767
0 57.2 0.000489676 -60.5528 -9.14646 1.07946
0 57.3 0.000483827 -60.626 -9.15689 1.08221
0 57.4 0.000478041 -60.6997 -9.16674 1.08496
0 57.5 0.000472318 -60.7738 -9.17603 1.08771
0 57.6 0.000466657 -60.8484 -9.18475 1.09047
0 57.7 0.000461056 -60.9234 -9.19292 1.09322
0 57.8 0.000455517 -60.9988 -9.20053 1.09597
0 57.9 0.000450038 -61.0747 -9.20761 1.09872
0 58 0.000444618 -61.151 -9.21414 1.10148
0 58.1 0.000439257 -61.2277 -9.22015 1.10423
0 58.2 0.000433955 -61.3048 -9.22563 1.10698
0 58.3 0.00042871 -61.3823 -9.23059 1.10973
0 58.4 0.000423523 -61.4602 -9.23503 1.11248
0 58.5 0.000418392 -61.5385 -9.23896 1.11524
0 58.6 0.000413318 -61.6172 -9.24239 1.11799
0 58.7 0.000408299 -61.6962 -9.24532 1.12074
0 58.8 0.000403335 -61.7756 -9.24776 1.12349
0 58.9 0.000398426 -61.8554 -9.2497 1.12624
0 59 0.000393571 -61.9355 -9.25115 1.129
0 59.1 0.000388769 -62.016 -9.25212 1.13175
0 59.2 0.00038402 -62.0968 -9.25262 1.1345
0 59.3 0.000379324 -62.1779 -9.25263 1.13725
0 59.4 0.000374679 -62.2594 -9.25218 1.14
0 59.5 0.000370086 -62.3412 -9.25125 1.14275
0 59.6 0.000365544 -62.4233 -9.24986 1.14551
0 59.7 0.000361052 -62.5057 -9.248 1.14826
0 59.8 0.000356611 -62.5884 -9.24569 1.15101
0 59.9 0.000352218 -62.6715 -9.24291 1.15376
0 60 0.000347874 -62.7548 -9.23969 1.15658
0 60.1 0.000343655 -62.7556 -9.20618 1.15554
0 60.2 0.000339481 -62.7576 -9.17138 1.1545
0 60.3 0.000335353 -62.7608 -9.1353 1.15346
0 60.4 0.000331269 -62.7651 -9.09795 1.15242
0 60.5 0.000327229 -62.7707 -9.05934 1.15138
0 60.6 0.000323232 -62.7774 -9.01947 1.15034
0 60.7 0.000319279 -62.7852 -8.97835 1.14931
0 60.8 0.000315369 -62.7941 -8.936 1.14827
0 60.9 0.000311502 -62.8041 -8.89242 1.14723
0 61 0.000307677 -62.8153 -8.84761 1.14619
0 61.1 0.000303893 -62.8275 -8.80159 1.14516
0 61.2 0.00030015 -62.8408 -8.75436 1.14412
0 61.3 0.000296449 -62.8551 -8.70592 1.14308
0 61.4 0.000292788 -62.8705 -8.65629 1.14205
0 61.5 0.000289167 -62.8869 -8.60546 1.14101
0 61.6 0.000285586 -62.9043 -8.55343 1.13997
0 61.7 0.000282044 -62.9227 -8.50023 1.13894
0 61.8 0.000278541 -62.9421 -8.44584 1.1379
0 61.9 0.000275077 -62.9625 -8.39027 1.13686
0 62 0.000271651 -62.9839 -8.33353 1.13583
0 62.1 0.000268263 -63.0062 -8.27561 1.13479
0 62.2 0.000264912 -63.0294 -8.21651 1.13376
0 62.3 0.000261599 -63.0536 -8.15625 1.13272
0 62.4 0.000258322 -63.0787 -8.09482 1.13169
0 62.5 0.000255082 -63.1047 -8.03222 1.13065
0 62.6 0.000251877 -63.1316 -7.96845 1.12962
0 62.7 0.000248709 -63.1594 -7.90351 1.12858
0 62.8 0.000245576 -63.1881 -7.83741 1.12755
0 62.9 0.000242477 -63.2176 -7.77013 1.12652
0 63 0.000239414 -63.248 -7.70168 1.12548
0 63.1 0.000236385 -63.2792 -7.63206 1.12445
0 63.2 0.000233389 -63.3113 -7.56127 1.12341
0 63.3 0.000230428 -63.3441 -7.4893 1.12238
0 63.4 0.0002275 -63.3778 -7.41615 1.12135
0 63.5 0.000224605 -63.4123 -7.34181 1.12032
0 63.6 0.000221742 -63.4476 -7.26629 1.11928
0 63.7 0.000218912 -63.4837 -7.18958 1.11825
0 63.8 0.000216114 -63.5205 -7.11168 1.11722
0 63.9 0.000213347 -63.5581 -7.03257 1.11619
0 64 0.000210612 -63.5964 -6.95226 1.11515
0 64.1 0.000207909 -63.6355 -6.87074 1.11412
0 64.2 0.000205235 -63.6753 -6.788 1.11309
0 64.3 0.000202593 -63.7158 -6.70403 1.11206
0 64.4 0.00019998 -63.7571 -6.61884 1.11103
0 64.5 0.000197398 -63.799 -6.53241 1.11
0 64.6 0.000194845 -63.8417 -6.44473 1.10896
0 64.7 0.000192321 -63.885 -6.35579 1.10793
0 64.8 0.000189827 -63.929 -6.26559 1.1069
0 64.9 0.000187361 -63.9737 -6.17412 1.10587
0 65 0.000184923 -64.019 -6.08136 1.10487
0 65.1 0.000182463 -64.0342 -6.08923 1.11018
0 65.2 0.000180033 -64.0491 -6.09657 1.11549
0 65.3 0.000177632 -64.0636 -6.10339 1.1208
0 65.4 0.00017526 -64.0778 -6.10968 1.12612
0 65.5 0.000172916 -64.0916 -6.11546 1.13143
0 65.6 0.000170601 -64.1051 -6.12072 1.13674
0 65.7 0.000168314 -64.1183 -6.12546 1.14205
0 65.8 0.000166055 -64.1311 -6.1297 1.14736
0 65.9 0.000163823 -64.1436 -6.13343 1.15267
0 66 0.000161618 -64.1558 -6.13665 1.15798
0 66.1 0.00015944 -64.1676 -6.13938 1.16329
0 66.2 0.000157289 -64.1791 -6.1416 1.1686
0 66.3 0.000155164 -64.1903 -6.14332 1.17392
0 66.4 0.000153065 -64.2011 -6.14455 1.17923
0 66.5 0.000150991 -64.2116 -6.14529 1.18454
0 66.6 0.000148943 -64.2218 -6.14554 1.18985
0 66.7 0.000146921 -64.2317 -6.14529 1.19516
0 66.8 0.000144923 -64.2412 -6.14456 1.20047
0 66.9 0.000142949 -64.2504 -6.14335 1.20578
0 67 0.000141 -64.2593 -6.14165 1.21109
0 67.1 0.000139075 -64.2678 -6.13947 1.2164
0 67.2 0.000137174 -64.2761 -6.13682 1.22172
0 67.3 0.000135297 -64.284 -6.13368 1.22703
0 67.4 0.000133442 -64.2916 -6.13007 1.23234
0 67.5 0.000131611 -64.2989 -6.12598 1.23765
0 67.6 0.000129802 -64.3058 -6.12142 1.24296
0 67.7 0.000128016 -64.3124 -6.11639 1.24827
0 67.8 0.000126252 -64.3188 -6.11089 1.25358
0 67.9 0.000124511 -64.3248 -6.10492 1.25889
0 68 0.00012279 -64.3305 -6.09848 1.2642
0 68.1 0.000121092 -64.3359 -6.09157 1.26951
0 68.2 0.000119415 -64.3409 -6.0842 1.27483
0 68.3 0.000117759 -64.3457 -6.07637 1.28014
0 68.4 0.000116123 -64.3501 -6.06807 1.28545
0 68.5 0.000114508 -64.3543 -6.05932 1.29076
0 68.6 0.000112914 -64.3581 -6.0501 1.29607
0 68.7 0.00011134 -64.3616 -6.04042 1.30138
0 68.8 0.000109785 -64.3649 -6.03029 1.30669
0 68.9 0.00010825 -64.3678 -6.01969 1.312
0 69 0.000106735 -64.3704 -6.00865 1.31731
0 69.1 0.000105239 -64.3727 -5.99714 1.32263
0 69.2 0.000103762 -64.3747 -5.98518 1.32794
0 69.3 0.000102303 -64.3764 -5.97277 1.33325
0 69.4 0.000100864 -64.3779 -5.9599 1.33856
0 69.5 9.94422e-05 -64.379 -5.94659 1.34387
0 69.6 9.8039e-05 -64.3798 -5.93282 1.34918
0 69.7 9.66537e-05 -64.3803 -5.9186 1.35449
0 69.8 9.52862e-05 -64.3806 -5.90393 1.3598
0 69.9 9.39362e-05 -64.3805 -5.88881 1.36511
0 70 9.26035e-05 -64.3801 -5.87324 1.37048
0 70.1 9.12422e-05 -64.4412 -5.90965 1.37911
0 70.2 8.98995e-05 -64.5018 -5.94608 1.38773
0 70.3 8.85751e-05 -64.5621 -5.98254 1.39635
0 70.4 8.72688e-05 -64.622 -6.01903 1.40498
0 70.5 8.59804e-05 -64.6815 -6.05555 1.4136
0 70.6 8.47096e-05 -64.7407 -6.0921 1.42222
0 70.7 8.34563e-05 -64.7995 -6.12867 1.43085
0 70.8 8.22201e-05 -64.8579 -6.16527 1.43947
0 70.9 8.10009e-05 -64.9161 -6.20189 1.44809
0 71 7.97985e-05 -64.9739 -6.23854 1.45672
0 71.1 7.86127e-05 -65.0313 -6.27521 1.46534
0 71.2 7.74432e-05 -65.0885 -6.3119 1.47396
0 71.3 7.62899e-05 -65.1453 -6.34862 1.48259
0 71.4 7.51525e-05 -65.2019 -6.38536 1.49121
0 71.5 7.40308e-05 -65.2581 -6.42212 1.49983
0 71.6 7.29247e-05 -65.3141 -6.4589 1.50846
0 71.7 7.18339e-05 -65.3697 -6.4957 1.51708
0 71.8 7.07583e-05 -65.4251 -6.53252 1.5257
0 71.9 6.96976e-05 -65.4802 -6.56935 1.53433
0 72 6.86516e-05 -65.5349 -6.60619 1.54295
0 72.1 6.76203e-05 -65.5895 -6.64305 1.55157
0 72.2 6.66033e-05 -65.6437 -6.67992 1.5602
0 72.3 6.56005e-05 -65.6976 -6.7168 1.56882
0 72.4 6.46118e-05 -65.7513 -6.75369 1.57744
0 72.5 6.36369e-05 -65.8047 -6.79059 1.58607
0 72.6 6.26756e-05 -65.8579 -6.82749 1.59469
0 72.7 6.17279e-05 -65.9108 -6.8644 1.60331
0 72.8 6.07934e-05 -65.9634 -6.90131 1.61193
0 72.9 5.98721e-05 -66.0157 -6.93822 1.62056
0 73 5.89637e-05 -66.0678 -6.97513 1.62918
0 73.1 5.80682e-05 -66.1196 -7.01204 1.6378
0 73.2 5.71853e-05 -66.1711 -7.04894 1.64642
0 73.3 5.63149e-05 -66.2224 -7.08583 1.65505
0 73.4 5.54567e-05 -66.2735 -7.12272 1.66367
0 73.5 5.46108e-05 -66.3242 -7.1596 1.67229
0 73.6 5.37768e-05 -66.3748 -7.19646 1.68092
0 73.7 5.29546e-05 -66.425 -7.23331 1.68954
0 73.8 5.21441e-05 -66.475 -7.27014 1.69816
0 73.9 5.13452e-05 -66.5247 -7.30696 1.70678
0 74 5.05576e-05 -66.5742 -7.34375 1.71541
0 74.1 4.97813e-05 -66.6234 -7.38053 1.72403
0 74.2 4.9016e-05 -66.6724 -7.41727 1.73265
0 74.3 4.82617e-05 -66.7211 -7.454 1.74127
0 74.4 4.75182e-05 -66.7696 -7.49069 1.74989
0 74.5 4.67853e-05 -66.8178 -7.52735 1.75852
0 74.6 4.60629e-05 -66.8657 -7.56398 1.76714
0 74.7 4.53509e-05 -66.9134 -7.60057 1.77576
0 74.8 4.46492e-05 -66.9608 -7.63712 1.78438
0 74.9 4.39575e-05 -67.008 -7.67364 1.79301
0 75 4.32758e-05 -67.0549 -7.71011 1.80163
0 75.1 4.25995e-05 -66.8639 -7.84285 1.81298
0 75.2 4.19333e-05 -66.6722 -7.9761 1.82433
0 75.3 4.12771e-05 -66.4798 -8.10987 1.83568
0 75.4 4.06307e-05 -66.2868 -8.24414 1.84703
0 75.5 3.9994e-05 -66.0931 -8.3789 1.85838
0 75.6 3.93668e-05 -65.8987 -8.51416 1.86974
0 75.7 3.87491e-05 -65.7037 -8.64989 1.88109
0 75.8 3.81407e-05 -65.5081 -8.78609 1.89244
0 75.9 3.75413e-05 -65.3118 -8.92277 1.90379
0 76 3.6951e-05 -65.1148 -9.0599 1.91514
0 76.1 3.63696e-05 -64.9172 -9.19748 1.92649
0 76.2 3.5797e-05 -64.719 -9.33551 1.93784
0 76.3 3.5233e-05 -64.5201 -9.47397 1.94919
0 76.4 3.46774e-05 -64.3207 -9.61286 1.96054
0 76.5 3.41303e-05 -64.1205 -9.75218 1.97189
0 76.6 3.35914e-05 -63.9198 -9.89192 1.98325
0 76.7 3.30607e-05 -63.7184 -10.0321 1.9946
0 76.8 3.2538e-05 -63.5164 -10.1726 2.00595
0 76.9 3.20232e-05 -63.3138 -10.3136 2.0173
0 77 3.15162e-05 -63.1106 -10.4549 2.02865
0 77.1 3.10169e-05 -62.9068 -10.5966 2.04
0 77.2 3.05252e-05 -62.7023 -10.7387 2.05135
0 77.3 3.00409e-05 -62.4973 -10.8812 2.0627
0 77.4 2.9564e-05 -62.2916 -11.024 2.07405
0 77.5 2.90943e-05 -62.0853 -11.1672 2.0854
0 77.6 2.86318e-05 -61.8785 -11.3107 2.09675
0 77.7 2.81763e-05 -61.671 -11.4546 2.1081
0 77.8 2.77277e-05 -61.4629 -11.5988 2.11945
0 77.9 2.7286e-05 -61.2543 -11.7434 2.13079
0 78 2.6851e-05 -61.045 -11.8883 2.14214
0 78.1 2.64227e-05 -60.8351 -12.0335 2.15349
0 78.2 2.60009e-05 -60.6247 -12.179 2.16484
0 78.3 2.55855e-05 -60.4137 -12.3249 2.17619
0 78.4 2.51765e-05 -60.202 -12.471 2.18754
0 78.5 2.47737e-05 -59.9898 -12.6175 2.19889
0 78.6 2.43772e-05 -59.7771 -12.7642 2.21024
0 78.7 2.39866e-05 -59.5637 -12.9112 2.22159
0 78.8 2.36021e-05 -59.3497 -13.0586 2.23294
0 78.9 2.32235e-05 -59.1352 -13.2061 2.24429
0 79 2.28507e-05 -58.9201 -13.354 2.25563
0 79.1 2.24836e-05 -58.7044 -13.5021 2.26698
0 79.2 2.21222e-05 -58.4881 -13.6505 2.27833
0 79.3 2.17663e-05 -58.2713 -13.7992 2.28968
0 79.4 2.14159e-05 -58.0539 -13.9481 2.30103
0 79.5 2.10709e-05 -57.8359 -14.0972 2.31238
0 79.6 2.07313e-05 -57.6173 -14.2466 2.32372
0 79.7 2.03968e-05 -57.3982 -14.3962 2.33507
0 79.8 2.00676e-05 -57.1785 -14.5461 2.34642
0 79.9 1.97434e-05 -56.9583 -14.6962 2.35777
0 80 1.94242e-05 -56.7374 -14.8465 2.3691
0 80.1 1.91216e-05 -56.5715 -15.0016 2.38044
0 80.2 1.88236e-05 -56.4042 -15.157 2.39178
0 80.3 1.85299e-05 -56.2353 -15.3126 2.40312
0 80.4 1.82407e-05 -56.065 -15.4683 2.41446
0 80.5 1.79558e-05 -55.8933 -15.6243 2.4258
0 80.6 1.76751e-05 -55.7201 -15.7804 2.43715
0 80.7 1.73987e-05 -55.5456 -15.9367 2.44849
0 80.8 1.71264e-05 -55.3697 -16.0933 2.45983
0 80.9 1.68581e-05 -55.1925 -16.2499 2.47117
0 81 1.65939e-05 -55.0139 -16.4068 2.48251
0 81.1 1.63337e-05 -54.834 -16.5638 2.49385
0 81.2 1.60774e-05 -54.6528 -16.721 2.50519
0 81.3 1.58249e-05 -54.4703 -16.8783 2.51653
0 81.4 1.55762e-05 -54.2866 -17.0358 2.52787
0 81.5 1.53313e-05 -54.1016 -17.1935 2.53921
0 81.6 1.509e-05 -53.9154 -17.3513 2.55056
0 81.7 1.48524e-05 -53.7279 -17.5092 2.5619
0 81.8 1.46184e-05 -53.5393 -17.6673 2.57324
0 81.9 1.43879e-05 -53.3494 -17.8255 2.58458
0 82 1.41609e-05 -53.1584 -17.9839 2.59592
0 82.1 1.39373e-05 -52.9662 -18.1424 2.60726
0 82.2 1.37171e-05 -52.7728 -18.301 2.6186
0 82.3 1.35002e-05 -52.5783 -18.4597 2.62994
0 82.4 1.32867e-05 -52.3826 -18.6185 2.64128
0 82.5 1.30763e-05 -52.1859 -18.7774 2.65262
0 82.6 1.28692e-05 -51.988 -18.9365 2.66397
0 82.7 1.26651e-05 -51.789 -19.0957 2.67531
0 82.8 1.24642e-05 -51.5889 -19.2549 2.68665
0 82.9 1.22664e-05 -51.3877 -19.4143 2.69799
0 83 1.20715e-05 -51.1855 -19.5737 2.70933
0 83.1 1.18797e-05 -50.9821 -19.7333 2.72067
0 83.2 1.16907e-05 -50.7778 -19.8929 2.73201
0 83.3 1.15046e-05 -50.5723 -20.0526 2.74335
0 83.4 1.13214e-05 -50.3659 -20.2124 2.75469
0 83.5 1.11409e-05 -50.1584 -20.3723 2.76603
0 83.6 1.09633e-05 -49.9499 -20.5322 2.77737
0 83.7 1.07883e-05 -49.7403 -20.6922 2.78872
0 83.8 1.0616e-05 -49.5298 -20.8523 2.80006
0 83.9 1.04463e-05 -49.3182 -21.0124 2.8114
0 84 1.02793e-05 -49.1057 -21.1726 2.82274
0 84.1 1.01148e-05 -48.8921 -21.3329 2.83408
0 84.2 9.95281e-06 -48.6776 -21.4932 2.84542
0 84.3 9.79333e-06 -48.4621 -21.6536 2.85676
0 84.4 9.63629e-06 -48.2457 -21.814 2.8681
0 84.5 9.48167e-06 -48.0283 -21.9744 2.87944
0 84.6 9.32943e-06 -47.8099 -22.1349 2.89078
0 84.7 9.17953e-06 -47.5906 -22.2955 2.90213
0 84.8 9.03194e-06 -47.3703 -22.456 2.91347
0 84.9 8.88662e-06 -47.1491 -22.6167 2.92481
0 85 8.74355e-06 -46.927 -22.7773 2.93614
0 85.1 8.58577e-06 -46.3042 -22.8939 2.94561
0 85.2 8.43082e-06 -45.6808 -23.0103 2.95508
0 85.3 8.27864e-06 -45.0568 -23.1267 2.96456
0 85.4 8.12918e-06 -44.4322 -23.2429 2.97403
0 85.5 7.98239e-06 -43.807 -23.359 2.9835
0 85.6 7.83822e-06 -43.1812 -23.475 2.99297
0 85.7 7.69661e-06 -42.5548 -23.5909 3.00245
0 85.8 7.55753e-06 -41.9278 -23.7066 3.01192
0 85.9 7.42092e-06 -41.3002 -23.8222 3.02139
0 86 7.28673e-06 -40.6721 -23.9377 3.03086
0 86.1 7.15494e-06 -40.0433 -24.0531 3.04033
0 86.2 7.02548e-06 -39.414 -24.1684 3.0498
0 86.3 6.89832e-06 -38.7841 -24.2835 3.05927
0 86.4 6.77342e-06 -38.1536 -24.3985 3.06875
0 86.5 6.65073e-06 -37.5225 -24.5134 3.07822
0 86.6 6.53022e-06 -36.8909 -24.6282 3.08769
0 86.7 6.41184e-06 -36.2587 -24.7428 3.09716
0 86.8 6.29557e-06 -35.626 -24.8573 3.10663
0 86.9 6.18135e-06 -34.9927 -24.9717 3.1161
0 87 6.06916e-06 -34.3588 -25.0859 3.12557
0 87.1 5.95897e-06 -33.7244 -25.2 3.13504
0 87.2 5.85072e-06 -33.0894 -25.314 3.14451
0 87.3 5.74439e-06 -32.4539 -25.4279 3.15398
0 87.4 5.63995e-06 -31.8178 -25.5416 3.16345
0 87.5 5.53737e-06 -31.1812 -25.6552 3.17292
0 87.6 5.4366e-06 -30.5441 -25.7686 3.18238
0 87.7 5.33762e-06 -29.9064 -25.882 3.19185
0 87.8 5.24039e-06 -29.2682 -25.9951 3.20132
0 87.9 5.1449e-06 -28.6295 -26.1082 3.21079
0 88 5.05109e-06 -27.9902 -26.2211 3.22026
0 88.1 4.95896e-06 -27.3505 -26.3339 3.22973
0 88.2 4.86846e-06 -26.7101 -26.4466 3.23919
0 88.3 4.77957e-06 -26.0693 -26.5591 3.24866
0 88.4 4.69225e-06 -25.428 -26.6714 3.25813
0 88.5 4.60649e-06 -24.7861 -26.7837 3.2676
0 88.6 4.52226e-06 -24.1437 -26.8958 3.27706
0 88.7 4.43952e-06 -23.5009 -27.0077 3.28653
0 88.8 4.35826e-06 -22.8575 -27.1195 3.296
0 88.9 4.27845e-06 -22.2136 -27.2312 3.30547
0 89 4.20005e-06 -21.5692 -27.3428 3.31493
0 89.1 4.12305e-06 -20.9243 -27.4542 3.3244
0 89.2 4.04743e-06 -20.2789 -27.5654 3.33386
0 89.3 3.97315e-06 -19.633 -27.6765 3.34333
0 89.4 3.9002e-06 -18.9866 -27.7875 3.3528
0 89.5 3.82855e-06 -18.3397 -27.8984 3.36226
0 89.6 3.75818e-06 -17.6924 -28.009 3.37173
0 89.7 3.68907e-06 -17.0445 -28.1196 3.38119
0 89.8 3.62119e-06 -16.3962 -28.23 3.39066
0 89.9 3.55452e-06 -15.7473 -28.3403 3.40012
0 90 3.48905e-06 -15.098 -28.4504 3.40959
0 90.1 3.4237e-06 -15.024 -28.5341 3.41332
0 90.2 3.35952e-06 -14.9495 -28.6175 3.41704
0 90.3 3.29648e-06 -14.8746 -28.7007 3.42076
0 90.4 3.23456e-06 -14.7992 -28.7835 3.42449
0 90.5 3.17375e-06 -14.7234 -28.8661 3.42821
0 90.6 3.11403e-06 -14.6473 -28.9484 3.43193
0 90.7 3.05537e-06 -14.5708 -29.0305 3.43566
0 90.8 2.99776e-06 -14.4941 -29.1123 3.43938
0 90.9 2.94118e-06 -14.4171 -29.1938 3.4431
0 91 2.88561e-06 -14.3398 -29.275 3.44683
0 91.1 2.83104e-06 -14.2623 -29.3559 3.45055
0 91.2 2.77745e-06 -14.1846 -29.4366 3.45427
0 91.3 2.72482e-06 -14.1067 -29.517 3.45799
0 91.4 2.67314e-06 -14.0286 -29.5972 3.46172
0 91.5 2.62238e-06 -13.9504 -29.677 3.46544
0 91.6 2.57254e-06 -13.8721 -29.7566 3.46916
0 91.7 2.52359e-06 -13.7937 -29.836 3.47288
0 91.8 2.47552e-06 -13.7153 -29.915 3.4766
0 91.9 2.42833e-06 -13.6368 -29.9938 3.48033
0 92 2.38198e-06 -13.5582 -30.0724 3.48405
0 92.1 2.33647e-06 -13.4796 -30.1506 3.48777
0 92.2 2.29179e-06 -13.4011 -30.2286 3.49149
0 92.3 2.24791e-06 -13.3225 -30.3064 3.49521
0 92.4 2.20483e-06 -13.244 -30.3838 3.49894
0 92.5 2.16253e-06 -13.1656 -30.4611 3.50266
0 92.6 2.12099e-06 -13.0872 -30.538 3.50638
0 92.7 2.08022e-06 -13.009 -30.6147 3.5101
0 92.8 2.04018e-06 -12.9308 -30.6911 3.51382
0 92.9 2.00087e-06 -12.8527 -30.7673 3.51754
0 93 1.96228e-06 -12.7748 -30.8432 3.52127
0 93.1 1.92439e-06 -12.697 -30.9189 3.52499
0 93.2 1.88719e-06 -12.6194 -30.9943 3.52871
0 93.3 1.85068e-06 -12.5419 -31.0694 3.53243
0 93.4 1.81483e-06 -12.4647 -31.1443 3.53615
0 93.5 1.77964e-06 -12.3876 -31.2189 3.53987
0 93.6 1.74509e-06 -12.3108 -31.2933 3.54359
0 93.7 1.71118e-06 -12.2342 -31.3674 3.54731
0 93.8 1.67789e-06 -12.1578 -31.4412 3.55104
0 93.9 1.64521e-06 -12.0817 -31.5148 3.55476
0 94 1.61314e-06 -12.0058 -31.5882 3.55848
0 94.1 1.58166e-06 -11.9302 -31.6613 3.5622
0 94.2 1.55076e-06 -11.8549 -31.7342 3.56592
0 94.3 1.52043e-06 -11.7799 -31.8068 3.56964
0 94.4 1.49066e-06 -11.7052 -31.8791 3.57336
0 94.5 1.46145e-06 -11.6308 -31.9512 3.57708
0 94.6 1.43277e-06 -11.5568 -32.0231 3.5808
0 94.7 1.40463e-06 -11.483 -32.0947 3.58453
0 94.8 1.37702e-06 -11.4096 -32.166 3.58825
0 94.9 1.34992e-06 -11.3366 -32.2372 3.59197
0 95 1.32332e-06 -11.2639 -32.308 3.59579
0 95.1 1.29647e-06 -11.1276 -32.4693 3.59937
0 95.2 1.27018e-06 -10.9911 -32.6304 3.60295
0 95.3 1.24444e-06 -10.8544 -32.7913 3.60653
0 95.4 1.21924e-06 -10.7174 -32.9521 3.61011
0 95.5 1.19456e-06 -10.5803 -33.1127 3.61369
0 95.6 1.1704e-06 -10.4429 -33.2731 3.61727
0 95.7 1.14674e-06 -10.3051 -33.4334 3.62085
0 95.8 1.12357e-06 -10.1671 -33.5934 3.62444
0 95.9 1.10088e-06 -10.0287 -33.7534 3.62802
0 96 1.07866e-06 -9.8899 -33.9131 3.6316
0 96.1 1.05691e-06 -9.75071 -34.0727 3.63518
0 96.2 1.0356e-06 -9.61108 -34.232 3.63876
0 96.3 1.01474e-06 -9.47099 -34.3913 3.64234
0 96.4 9.9431e-07 -9.33041 -34.5503 3.64593
0 96.5 9.74301e-07 -9.18932 -34.7092 3.64951
0 96.6 9.54706e-07 -9.04769 -34.8679 3.65309
0 96.7 9.35515e-07 -8.90549 -35.0264 3.65667
0 96.8 9.1672e-07 -8.7627 -35.1847 3.66025
0 96.9 8.98313e-07 -8.61929 -35.3429 3.66383
0 97 8.80285e-07 -8.47524 -35.5009 3.66742
0 97.1 8.62628e-07 -8.33053 -35.6587 3.671
0 97.2 8.45335e-07 -8.18512 -35.8163 3.67458
0 97.3 8.28397e-07 -8.03899 -35.9737 3.67816
0 97.4 8.11807e-07 -7.89213 -36.131 3.68174
0 97.5 7.95558e-07 -7.74451 -36.2881 3.68533
0 97.6 7.79643e-07 -7.5961 -36.445 3.68891
0 97.7 7.64054e-07 -7.44688 -36.6017 3.69249
0 97.8 7.48784e-07 -7.29683 -36.7583 3.69607
0 97.9 7.33827e-07 -7.14593 -36.9146 3.69966
0 98 7.19176e-07 -6.99415 -37.0708 3.70324
0 98.1 7.04825e-07 -6.84147 -37.2267 3.70682
0 98.2 6.90768e-07 -6.68788 -37.3825 3.71041
0 98.3 6.76998e-07 -6.53334 -37.5382 3.71399
0 98.4 6.63509e-07 -6.37785 -37.6936 3.71757
0 98.5 6.50296e-07 -6.22137 -37.8488 3.72115
0 98.6 6.37352e-07 -6.0639 -38.0039 3.72474
0 98.7 6.24672e-07 -5.90541 -38.1587 3.72832
0 98.8 6.12251e-07 -5.74588 -38.3134 3.7319
0 98.9 6.00083e-07 -5.58529 -38.4678 3.73549
0 99 5.88162e-07 -5.42362 -38.6221 3.73907
0 99.1 5.76485e-07 -5.26086 -38.7762 3.74266
0 99.2 5.65045e-07 -5.09699 -38.9301 3.74624
0 99.3 5.53838e-07 -4.93199 -39.0838 3.74982
0 99.4 5.42858e-07 -4.76584 -39.2373 3.75341
0 99.5 5.32102e-07 -4.59854 -39.3907 3.75699
0 99.6 5.21564e-07 -4.43005 -39.5438 3.76058
0 99.7 5.11241e-07 -4.26037 -39.6967 3.76416
0 99.8 5.01127e-07 -4.08948 -39.8494 3.76774
0 99.9 4.91219e-07 -3.91737 -40.002 3.77133
